87
82
91
91
72
82
1
45
79
70
33
73
67
83
37
93
76
0.5
80
89
0.5
82
2
31
76
1
0.5
65
99
91
87
85
90
92
26
96
80
45
88
0.5
70
22
28
81
78
8
15
30
95
3
0.5
79
1
0.5
32
11
21
0.5
2
6
0.5
0.5
1
76
81
6
23
30
18
20
0.5
1
72
85
32
88
14
84
89
85
19
4
89
59
1
94
36
87
2
75
0.5
52
0.5
65
32
41
94
76
76
76
76
73
4
67
21
0.5
19
23
92
13
8
14
8
85
8
0.5
49
27
64
12
16
16
4
6
27
29
0.5
6
76)
age <- (50
72
18
78
89
93
83
85
0.5
32
83
86
30
79
9
95
77
97
74
76
90
83
85
76
99
106
103
87
82
91
91
72
82
1
45
79
70
33
73
67
83
37
93
76
0.5
80
89
0.5
82
2
31
76
1
0.5
65
99
91
87
85
90
92
26
96
80
45
88
0.5
70
age <-c(50
72
18
78
89
93
83
85
0.5
32
83
86
30
79
9
95
77
97
74
76
90
83
85
76
99
106
103
87
82
91
91
72
82
1
45
79
70
33
73
67
83
37
93
76
0.5
80
89
0.5
82
2
31
76
1
0.5
65
99
91
87
85
90
92
26
96
80
45
88
0.5
70
22
28
81
78
8
15
30
95
3
0.5
79
1
0.5
32
11
21
0.5
2
6
0.5
0.5
1
76
81
6
23
30
18
20
0.5
1
72
85
32
88
14
84
89
85
19
4
89
59
1
94
36
87
2
75
0.5
52
0.5
65
32
41
94
76
76
76
76
73
4
67
21
0.5
19
23
92
13
8
14
8
85
8
0.5
49
27
64
12
16
16
4
6
27
29
0.5
6
76)        76)
age <-c(50
72
18
78
89
93
83
85
0.5
32
83
86
30
79
9
95
77
97
74
76
90
83
85
76
99
106
103
87
82
91
91
72
82
1
45
79
70
33
73
67
83
37
93
76
0.5
80
89
0.5
82
2
31
76
1
0.5
65
99
91
87
85
90
92
26
96
80
45
88
0.5
70
22
28
81
78
8
15
30
95
3
0.5
79
1
0.5
32
11
21
0.5
2
6
0.5
0.5
1
76
81
6
23
30
18
20
0.5
1
72
85
32
88
14
84
89
85
19
4
89
59
1
94
36
87
2
75
0.5
52
0.5
65
32
41
94
76
76
76
76
73
4
67
21
0.5
19
23
92
13
8
14
8
85
8
0.5
49
27
64
12
16
16
4
6
27
29
0.5
6
76)
x <- c(1 2 3)
x <- c(1,2,3)
setwd("~/Dropbox (NHRI Taiwan)/Workspace/Github/antigenic_drift/bindingavid")
